healpx
104
105
1055
106
107
1075
1076
1077
1078
1079
1080
1081
1082
1083
1084
1087
1091
1092
1093
1094
1095
1096
1097
1098
1099
1100
1103
1104
1107
1108
1109
1110
1111
1112
1113
1114
1115
1116
1120
1123
1124
1125
1126
1127
1128
1129
1130
1131
1132
1136
1143
1147
1148
1149
1150
1151
1157
1158
1161
1162
1163
1164
1167
1171
1172
1173
1174
1175
1176
1177
1178
1179
1180
1184
1186
1187
1188
1189
1190
1191
1192
1193
1194
1195
1196
1200
1207
1210
1211
1212
1213
1214
1215
1216
1223
1227
1228
1229
1230
1231
1232
1233
1234
1235
1236
1240
1248
1249
1250
1251
1252
1256
1363
1365
1366
1367
1369
1372
1373
1374
1375
1384
1385
1386
1387
1396
1397
1399
1405
1419
1432
1433
1434
1435
1440
1441
1442
1443
1446
1448
1449
1450
1451
1452
1599
1613
1614
1615
1617
1618
1619
1620
1621
1622
1623
1624
1625
1626
1627
1628
1629
1630
1631
1633
1634
1635
1636
1637
1638
1639
1640
1641
1642
1643
1644
1645
1646
1647
1648
1649
1650
1651
1652
1653
1654
1655
1656
1657
1658
1659
1660
1661
1662
1663
167
1679
1681
1683
1684
1685
1686
1687
1688
1689
1690
1691
1692
1693
1694
1695
1699
1700
1701
1702
1703
1704
1705
1706
1707
1708
1709
1710
1711
1712
1713
1714
1715
1716
1717
1718
1719
1720
1721
1722
1723
1724
1725
1726
1727
1728
1729
1730
1731
1732
1733
1734
1735
1736
1737
1738
1739
1740
1741
1742
1743
1744
1745
1746
1747
1748
1749
1750
1751
1752
1753
1754
1755
1756
1757
1758
1759
176
1760
1761
1762
1763
1764
1765
1766
1767
1768
1769
1770
1771
1772
1773
1774
1775
1776
1777
1778
1779
178
1780
1781
1782
1783
1784
1785
1786
1787
1788
1789
1790
1791
1873
1876
1877
1878
1879
1935
1946
1955
1956
1957
1958
1959
1960
1961
1962
1963
1964
1965
1966
1967
1968
1970
1971
1974
1975
1976
1977
1978
1979
1980
1981
1982
1983
2024
2025
2026
2027
2028
2029
2030
2031
2042
2293
2294
2295
2297
2298
2299
2300
2302
2303
2559
256
257
258
259
260
261
262
263
264
265
266
267
268
269
270
271
272
273
274
275
276
277
278
279
280
281
2813
2814
2815
282
283
284
285
286
287
288
289
290
291
292
293
294
295
296
297
298
299
300
301
302
303
304
305
306
3061
3062
3063
3067
3068
3069
307
3070
3071
308
309
310
311
312
313
314
315
316
317
318
319
32
320
321
322
323
324
325
326
327
328
329
33
330
331
332
333
334
335
336
337
338
339
34
340
341
342
343
344
345
346
347
348
349
350
351
352
353
354
355
356
357
358
359
360
361
362
363
364
365
366
367
368
369
370
371
372
373
374
375
376
377
378
379
380
381
382
383
385
387
388
389
390
391
396
397
399
40
400
401
402
403
404
405
406
407
408
409
410
411
412
413
414
415
421
432
433
436
437
448
449
450
451
452
453
454
455
456
457
458
459
460
461
462
463
464
465
466
467
468
469
470
471
472
473
474
475
481
484
512
513
514
515
516
517
518
519
520
521
522
523
524
525
526
527
528
529
530
531
532
533
534
535
536
537
538
539
540
541
542
543
544
545
546
547
548
549
550
551
552
553
554
555
556
557
558
559
560
561
562
563
564
565
566
567
568
569
570
571
572
573
574
575
576
577
578
579
580
581
582
583
584
585
586
587
588
589
590
591
592
594
595
600
601
602
608
609
610
611
612
613
614
615
616
617
618
619
620
621
622
623
624
626
628
629
630
631
632
634
636
637
638
639
640
641
642
643
644
645
646
647
648
649
65
650
651
652
653
654
655
656
657
658
659
66
660
661
662
663
664
665
666
667
668
669
67
670
671
672
673
674
675
676
677
678
679
68
680
681
682
683
684
685
686
687
688
689
690
691
692
693
694
695
696
697
698
699
700
701
702
703
704
705
706
707
708
709
710
711
712
713
714
715
716
717
718
719
72
720
722
724
725
726
73
736
737
738
739
740
741
742
744
745
746
747
748
75
76
768
773
774
775
78
780
784
785
786
